image: blankmap.png
resolution: 0.20000
<<<<<<< Updated upstream
origin: [-20.000000, -20.000000, 0.000000]
=======
origin: [0.000000, 0.000000, 0.000000]
>>>>>>> Stashed changes
negate: 0
occupied_thresh: 0.65
free_thresh: 0.196

